[-0.99319659  0.85481404  0.34602975  0.27996474  0.30272218  0.04145786
  0.35609437  0.12508875  0.04641096  0.16713582  0.85943743 -0.2161329
  0.32085063  0.24292353  0.65783191 -0.76335004 -0.23704373 -0.55358307
  0.11383387 -0.33198458  0.2748345  -0.73575031 -0.80723698 -0.89729936
 -0.29669627][1.2866087  -1.11476237][-0.86788128  0.68011028  0.87204798 -0.57952584 -0.91571767  0.82233832
  0.0200721   0.18896532  0.89925326 -0.46960154 -0.82314161 -0.16742437
  0.25207174  0.10072038 -0.08888274 -0.11122352 -0.81042909 -0.4158271
  0.53076162  0.59368946  0.65126244 -0.42417152  0.25230055  0.51020736
  0.33228687][-1.28016778 1.5758236 ][ 0.99951822  0.12829034  0.98595277 -0.57029561  0.68881247  0.14893641
  0.28808175 -0.54844865  0.50851372  0.5924176   0.37825824  0.95066164
  0.60304121 -0.0588685  -0.57564871  0.35686949 -0.689993    0.7336519
 -0.90433853  0.76958945  0.31739825 -0.92778818  0.21721737  0.19251061
  0.1438116 ][-.39816217 .90616192][ 0.05701938 -0.26019064 -0.58174362 -0.09659052  0.587284   -0.22993241
 -0.52955984  0.44997955 -0.86965805 -0.87686537 -0.6434926  -0.4949957
  0.87501702 -0.69830712  0.79974361  0.91369769 -0.83384969 -0.5044546
  0.04578826  0.16514882  0.74205113 -0.54010397 -0.20527833 -0.1436913
 -0.27170111][.88742171 .03010345][ 0.9720158  -0.54821282  0.99847268  0.05535878  0.97158835  0.39869037
 -0.10509542 -0.74585602 -0.09290725 -0.85414612 -0.84893098  0.71069775
  0.34869934 -0.04045667  0.09056446 -0.8950681  -0.62928646 -0.24636886
 -0.62563029 -0.90060779 -0.84657756  0.08303497 -0.87094904 -0.43299186
  0.30619155][.53452002 .46510071][-0.16004117 -0.09097863  0.72786297  0.63733857 -0.6619393  -0.2590719
 -0.29180205  0.08115491 -0.50811765 -0.66994464 -0.2489888   0.16274166
 -0.11712732  0.71764929  0.96260503 -0.23612435  0.74886128 -0.04548487
  0.34852346 -0.06231577 -0.6314176   0.23056735  0.95094364 -0.74076289
  0.58822018][1.80355379 0.1535292 ]